22
104
626
751
113
208
170
265
654
632
365
993
117
459
306
631
809
983
630
46
918
336
237
57
615
944
173
524
423
147
326
652
814
658
310
558
266
678
343
366
919
386
346
383
760
280
134
946
102
245
843
308
210
995
867
640
710
284
315
924
752
677
114
527
387
109
268
305
646
938
241
709
414
246
963
224
494
180
76
23
717
841
582
888
655
483
372
696
680
181
325
155
169
71
300
559
508
915
521
31
883
619
669
875
172
972
651
458
884
817
18
913
236
699
222
756
490
105
583
82
68
503
572
627
362
156
722
576
43
154
354
217
110
467
912
998
745
914
727
99
21
808
775
133
507
61
859
847
902
741
397
52
259
634
190
256
900
14
849
198
926
261
590
499
267
238
400
263
509
842
331
129
904
93
748
187
492
871
781
327
714
502
279
51
445
352
328
28
860
91
515
73
166
441
493
13
794
434
189
689
495
474
364
158
624
935
408
388
979
6
131
990
735
708
145
933
554
720
638
816
320
25
454
721
824
956
856
790
70
168
565
171
813
768
776
202
650
584
719
573
552
373
288
348
89
606
232
218
578
422
906
866
448
466
462
128
733
285
555
205
891
981
257
621
432
281
909
322
443
136
683
688
982
845
600
729
193
384
252
723
797
784
296
342
978
497
272
75
35
789
538
557
337
294
570
838
15
596
0
957
832
692
412
391
837
803
899
451
3
16
40
718
966
544
161
360
523
100
703
594
772
410
548
846
174
404
831
90
977
905
56
417
96
569
112
753
107
855
277
949
975
608
139
485
282
835
609
292
827
940
135
550
863
428
942
607
675
453
537
262
593
319
522
299
64
684
952
618
858
566
836
371
805
910
415
293
301
486
84
951
278
380
811
121
435
872
712
505
304
223
546
739
197
377
804
890
868
540
450
496
610
363
47
481
588
958
119
987
691
807
613
749
819
560
580
405
101
879
393
947
283
798
870
780
79
429
291
465
801
690
204
49
643
416
687
591
571
148
791
295
419
115
877
563
921
381
500
848
724
118
931
329
216
976
783
449
312
125
743
825
149
525
674
986
980
207
24
335
65
38
314
81
150
394
897
529
920
706
779
543
551
878
463
928
536
36
269
250
72
456
206
665
332
11
969
649
7
240
424
211
333
826
970
574
950
698
247
20
567
97
382
476
479
716
340
620
967
353
762
800
750
874
851
799
480
411
45
468
88
504
124
48
666
773
994
425
54
200
782
361
656
737
69
812
895
820
447
526
83
234
965
881
444
59
516
122
95
249
822
339
446
628
614
243
929
229
645
108
531
186
12
695
98
317
732
374
936
636
667
385
810
226
162
770
715
140
746
185
939
287
616
579
771
201
302
625
303
55
686
726
635
358
839
605
903
821
409
670
787
116
873
344
460
661
996
862
806
602
41
694
369
612
520
438
258
402
623
528
766
852
894
196
930
815
338
989
270
349
992
233
239
321
534
700
934
276
167
908
539
132
754
530
511
974
390
60
356
437
685
275
273
556
876
577
840
761
44
604
786
63
959
907
705
857
764
264
962
477
403
882
351
755
575
639
553
999
368
542
350
37
347
126
758
407
562
850
854
887
869
436
984
644
861
964
398
271
533
8
39
440
911
498
452
286
67
707
973
647
744
510
427
225
413
471
885
549
757
357
470
595
160
203
215
512
316
796
886
375
194
103
248
676
603
62
251
214
742
778
941
901
713
945
58
923
396
489
484
834
324
679
506
370
255
953
734
130
455
313
740
123
491
297
968
418
138
774
144
195
182
673
461
179
988
475
66
892
547
599
955
399
960
991
587
290
175
660
488
401
359
865
828
642
954
26
9
242
220
367
92
311
188
153
663
971
518
137
253
469
671
948
802
937
864
33
323
535
487
431
592
704
896
564
581
568
898
664
345
19
917
823
997
50
389
532
355
795
231
617
298
163
330
922
426
2
943
307
106
728
213
120
829
763
164
793
420
693
880
985
792
392
309
785
209
176
662
178
86
30
501
439
442
318
199
376
916
844
659
585
42
254
159
482
143
736
961
473
227
334
629
94
183
146
777
711
648
395
4
157
244
10
77
682
633
701
925
818
289
788
586
932
142
151
433
219
34
260
597
230
478
833
379
74
464
769
830
80
702
541
228
274
430
601
517
668
637
341
561
29
725
111
927
598
184
747
765
514
730
17
78
653
165
519
545
212
378
893
889
681
421
611
235
622
5
853
672
191
127
87
589
457
221
697
141
731
406
738
767
759
177
513
152
27
53
85
472
657
192
641
1
32