6048
5552
2451
9583
2217
6724
5081
7503
2667
4930
9982
9324
380
654
4899
2219
4673
3877
9222
8312
5338
5839
41
4316
8815
5878
2672
5636
8747
5214
1965
6317
1478
3406
3045
4437
4188
8909
4485
9929
3884
4406
1976
467
2971
1676
8928
401
6938
8923
3167
537
6084
6948
5909
331
7404
2617
6653
3335
785
6805
4179
2130
2099
4040
8712
922
2203
3107
7580
2196
1326
3600
2580
3137
8579
6447
2993
4783
8205
1155
6824
2843
678
9142
1500
6792
4349
7933
9127
3034
6209
9014
633
6499
7855
9845
1578
574
4282
7579
5948
7737
8769
2435
9389
2383
9012
1274
3499
1995
7043
35
3246
723
2608
1927
5331
5509
7147
6267
303
7260
5886
6882
452
9108
1890
4365
5458
4023
3700
4229
1829
7953
5692
2567
7321
8313
4940
9902
9543
9927
3684
9662
9010
2817
4609
6127
2816
1439
6094
8970
9262
7935
2898
6638
3401
6049
1939
5065
6043
1313
5559
6155
1103
1187
9200
9050
8097
1181
1533
4432
1619
8063
6872
8293
1120
3744
1078
7186
9643
2438
6237
5726
280
2996
2111
8642
9538
2100
4699
7602
5042
1634
6797
4265
5978
1287
8982
8820
3818
3044
9381
4072
5917
618
7558
2075
6244
4289
7919
4854
5439
2253
1618
3513
3263
2768
3351
1453
2772
1742
8466
5213
7673
9952
9530
3550
2960
1782
9667
2810
3050
2757
1682
5994
6466
9424
1848
900
8348
4538
3840
9796
2773
6960
7251
3587
8888
3898
8604
4055
6286
8415
3584
2391
3430
5658
4424
485
7786
8722
1322
6281
1937
1576
2613
1544
369
9829
7092
6609
8180
7116
4716
340
4865
9681
1417
2121
8116
2533
9805
641
7494
2744
5276
594
7426
8225
4258
2173
3987
4849
8746
5386
2482
6308
4777
404
4878
9854
9886
8358
3804
7911
6393
9814
1728
1964
2876
2803
8338
451
1691
4998
7250
37
7952
2920
3298
9839
6675
3843
8136
936
9082
7600
564
1438
6884
2060
840
9301
5932
9256
2353
4844
9025
6576
6087
9882
3100
2738
7895
8390
9137
1090
549
2094
834
6223
9117
9399
4412
9699
3995
1842
4571
8317
554
4683
9540
5193
3260
2251
793
9709
5376
8546
7877
2058
9885
3617
1673
5262
4259
9759
9900
745
7488
7464
4011
534
6493
6500
2933
7993
9626
9855
5533
4082
413
6
6862
5051
2082
4
945
2269
7630
477
1441
3053
1698
8986
370
3644
3312
662
672
5718
3322
9471
5203
190
1379
1409
1250
3277
8614
1343
5360
7698
8325
7883
3826
8391
688
4657
155
9535
4743
9676
869
1247
46
9265
3480
1482
5781
6449
8068
8370
9511
9657
2065
3219
260
7389
5678
1307
3280
1068
1516
7991
174
5644
3000
2588
309
7794
9280
7472
8595
3355
1412
7682
2618
238
1387
7200
7533
9214
5697
8946
9147
4701
3855
762
6422
9949
823
3880
5260
6883
3200
345
7235
7079
9743
9588
1347
979
2024
8250
9956
1710
3827
4143
3784
4231
3211
1760
6829
109
6313
1949
9400
2867
3123
2831
5289
1468
9978
4212
3215
3821
8221
3379
7435
2683
7537
9793
1490
89
4570
7008
3896
6179
1282
2542
1633
6395
9934
301
7363
6941
3538
8750
6130
7047
4726
2583
3682
790
4787
9720
4404
3119
2395
5928
3968
6877
784
1856
4312
882
1280
3313
7751
3548
4677
1212
7564
8429
1217
1472
1317
9778
2033
2465
8641
6028
3072
3368
172
3676
2735
2055
5403
2671
8498
607
1099
5266
1013
2957
1902
9344
4224
3696
9718
3521
7052
344
4120
5649
4063
7846
5487
2688
814
6257
6907
603
4169
4177
99
3547
4702
5425
7393
3096
4354
6029
19
2176
3528
3457
779
1773
9091
5607
2274
6273
6891
4018
6022
9215
1266
5382
1109
259
9838
4390
4340
7920
7080
1314
5024
2696
6902
9188
5901
2812
3482
7893
3566
1804
4029
5933
6027
3234
5041
9516
1466
9942
2721
1049
8408
8949
3146
8741
3443
7835
1097
8290
8240
236
263
774
4624
8090
1213
8329
445
6746
8228
2914
2263
3554
3275
2374
3580
3557
2706
830
4030
6352
3043
2255
988
1645
8887
5705
1426
1416
8680
4339
1835
8033
2508
5207
3932
3343
3220
6064
8376
8268
390
7291
6657
1720
7112
6322
1708
4223
1390
3948
6547
3253
2889
3122
5461
5117
5905
9638
8997
9903
1248
6004
4585
3662
3168
4172
4906
4402
5591
4418
4423
2581
1553
1229
6218
196
7614
7643
3894
8791
8044
273
7429
2156
2095
2840
5456
6741
9644
1545
4381
7909
8470
1779
3098
3660
3067
2429
6436
3951
2098
3422
4690
1839
9891
2384
601
7496
2845
2785
7246
4310
8373
6356
1235
7556
1152
2988
3181
127
826
91
8890
4603
322
6514
1971
2902
6628
721
313
8170
4320
2655
639
5297
7313
9461
5332
3510
8711
2932
302
7401
6353
8002
3658
8696
5802
4708
2911
9680
6522
4459
4875
1690
7443
2311
4815
3141
6165
5824
7164
9520
1958
9059
7225
5808
8310
3982
5396
699
4987
6005
6507
9968
1800
351
4086
1057
9509
7135
5815
1104
5991
2595
2192
7178
8943
811
8576
4191
9928
2035
2256
8797
8481
1074
5821
7573
3852
3074
5072
2362
4196
5888
7115
7284
161
2833
1913
6622
8396
4632
1879
7918
5576
3448
4828
82
4996
9833
8125
8059
6090
7442
1221
8394
735
5856
3964
7622
4075
4893
1580
6560
5671
8891
7693
6658
1894
4807
4098
5267
1569
7529
3356
4749
359
1038
3136
3014
3199
2066
3337
4163
1327
8388
458
8047
720
9705
360
4885
3771
328
7317
2320
4932
500
5506
3069
3037
7647
7146
621
7490
3539
8403
1596
6922
1149
4452
4280
8812
3114
9458
3870
314
9439
575
1707
4306
2878
1622
9523
8164
2709
4391
2724
6219
3753
9406
591
6799
9275
5040
5654
9088
2635
4868
4717
6834
8419
1969
1146
3110
3174
7161
5891
6293
3923
3009
821
355
1323
535
353
8285
9951
4863
4123
643
6153
4190
1538
5252
9500
9364
4112
3054
6032
2897
664
8855
407
229
9295
1979
4154
1608
7481
3206
3310
3529
51
1952
8523
6569
8109
3463
1205
366
5263
2366
3390
7385
8998
324
2092
5059
3556
3062
7300
7913
9640
4824
1763
3461
3431
3109
4698
8058
5007
4598
1374
5953
7599
2541
3686
6495
9296
8186
7106
2431
2552
3614
8436
5920
8003
8918
9957
6082
2910
8634
7616
6009
1735
7959
7598
7368
4621
2597
9489
7946
9808
1197
7594
5280
1736
1070
4430
653
1681
4614
8423
8030
4456
7932
9456
185
6496
4292
944
4219
4484
442
5002
5610
4450
8410
2381
1340
4225
5127
9719
2308
9029
2227
5578
5438
8584
9002
9085
2262
7596
9084
2188
2069
1821
9266
5598
536
5728
4692
5311
297
1953
2978
5896
4541
6689
8602
1464
9749
4091
8371
1237
7869
4444
5903
6629
7258
926
747
1353
9577
1116
3152
6722
7986
6707
2938
6512
804
8357
5967
7824
3860
885
6929
1378
4986
7273
167
5841
9075
2676
3789
1215
2294
5673
4427
5187
67
111
1564
9378
6118
6630
87
456
1987
7882
8141
6487
5818
472
6012
4936
1361
4460
5432
8732
7261
768
8904
3437
3765
1985
4540
6835
7421
414
5997
3134
1699
2866
9289
4786
539
1184
7510
1043
3920
5907
9258
903
6217
8611
9716
2637
1367
1331
8051
3464
4935
858
2551
8858
8061
4607
3601
4605
6478
5609
7806
8233
4057
1161
491
3555
2213
6170
7982
677
1492
1563
2197
6398
5565
1774
7248
9495
8412
6957
730
8798
973
2798
2691
3511
9261
7286
6220
6910
8922
1276
6870
6979
7176
764
7963
2907
4233
4481
8931
1413
9690
4718
1486
9018
7540
801
2694
5993
6909
4420
3176
9573
2571
3625
9201
7640
3866
600
7305
6401
1648
7880
8668
6880
3812
1418
2779
3238
20
4994
432
8280
7087
6360
765
8589
9318
6590
6159
2414
4461
1445
5163
213
192
2005
6200
6433
2645
8194
2863
9582
9271
1909
5098
888
7270
3179
1498
9422
4401
4809
2170
7703
1743
6061
1957
5936
5085
5465
3635
7141
3082
1515
3485
5790
7601
6698
6017
9976
4506
2398
6140
2674
6600
4433
7190
3286
4353
2495
3621
5451
2948
9327
5462
2927
6944
3038
4436
2120
163
6541
5594
6930
4713
6563
9940
4891
2538
8952
1904
5106
912
3154
9648
5777
4525
6588
4393
9063
6923
7003
4796
7565
2129
3008
2434
1860
9866
7888
3780
1350
4302
5387
8043
4668
6527
3668
4985
3844
2534
8713
5131
1528
4458
9655
3678
5304
2124
7831
2555
9472
9542
7757
2623
8212
953
9412
8286
2934
6391
6098
9533
6181
2250
569
9679
1201
4416
3416
3127
5315
1660
1032
5795
9068
559
5710
2856
5336
6368
1089
3059
588
2963
7947
4573
7966
6369
3102
8220
5735
5733
282
5806
454
6139
1020
9419
2995
1750
8623
4688
568
8980
4747
2872
511
3087
5180
9909
4305
4642
3769
3307
5834
2886
8934
1888
1854
4295
6976
2018
3692
7151
4914
943
2642
2864
2593
9060
4847
100
1527
6157
1180
5675
2389
5490
4387
2392
6543
1537
7764
4886
3663
457
63
7011
1185
9522
8124
2548
381
3570
9603
3099
5320
6111
7405
5926
9879
1917
6539
5009
4526
698
1982
1997
9905
5569
6202
4995
694
9758
1841
5243
3269
1094
5719
2964
2448
7416
9302
9417
2279
4834
1055
3329
4332
7476
3500
5334
3396
7037
7340
2122
8070
9388
7801
2781
6143
6876
8661
8979
1362
7934
6416
8705
1819
9233
5357
8064
427
3450
9434
8913
9518
6458
7851
9404
4569
8706
2625
154
4626
8646
6654
7033
5006
9531
6358
7506
1661
2909
9961
8728
808
5449
9260
2775
1934
2029
374
3095
7320
6423
7352
6598
6054
3148
8925
4109
3512
4356
9325
4956
1793
1556
5927
1021
5999
4449
5405
5546
4130
66
1320
447
7874
137
1081
3725
6437
4118
8544
186
7541
4505
9751
6800
241
9342
3768
3501
4838
3730
6854
6925
2104
7356
7502
1597
7110
9331
3899
7642
7795
708
268
6993
7378
3428
9086
4165
2678
6575
160
7440
558
4398
73
7862
5447
4858
6486
8517
7618
6303
1942
9017
8709
6583
8941
6761
4447
8441
1768
3976
6663
6034
806
464
2827
6320
8188
1741
3738
2014
3233
5079
9507
9136
8698
8328
4831
2478
6316
9170
2705
9895
9943
4991
5787
4268
6145
3816
3459
8638
701
7165
4096
4414
2741
9232
6089
9020
9097
210
7610
6092
5898
3590
2167
5540
9311
2644
8631
9621
4620
7020
6751
3281
585
47
4822
997
4982
1540
2501
4577
2972
2358
5220
6550
8524
4142
5185
8962
9966
8101
8587
5184
6236
2108
7793
7577
522
6377
2229
6625
2931
5573
4512
1623
1093
5869
6262
8531
397
5760
1300
9401
3596
3613
7409
3347
2295
2762
6297
6608
1836
6526
3417
148
2722
4503
8032
6349
9672
8096
3938
2999
4376
5619
6586
9454
4719
1600
6378
4670
8575
2528
178
8420
7015
9628
8431
7309
5817
9575
8209
2712
3890
5913
4486
4558
3252
3616
9787
2881
627
1198
6074
334
4942
3266
8092
4392
319
4706
2640
6383
9110
7733
631
847
8939
1787
2466
3180
6363
9517
8236
729
6857
5805
1284
9114
9604
5762
5508
3414
5620
752
4576
2423
955
7707
5176
2160
2359
4367
1176
4770
4286
1410
5299
2322
4371
4095
3515
5712
1729
6037
5623
6932
8379
2579
5679
8
8356
8772
173
9843
8451
8519
4453
2144
8717
1338
2944
4805
9465
4440
1321
8086
8067
9254
1716
6173
8755
7290
9353
9732
6651
759
3436
7133
8603
5230
4377
2758
7482
9545
7041
1405
2340
6384
9868
8649
5940
3341
8079
8435
6216
9590
8895
5234
9536
6117
1642
6908
1091
1487
8173
8793
3732
411
7499
2140
4638
4742
2488
8229
316
4129
3833
8013
3138
8261
2826
4756
9586
8177
3212
9494
8930
7638
1850
1694
9856
3669
3378
3498
9840
508
3399
4015
1798
3624
3801
4445
8364
3839
7148
8139
1885
8687
305
5420
8697
9367
610
1887
6555
7500
5062
5879
3882
2506
9547
557
6624
8566
5556
2388
3977
9408
5741
9819
9551
5959
7010
8485
5412
3911
7319
716
3150
3177
6968
3055
2460
9028
9273
2300
8841
287
9285
1355
2607
2761
8545
391
7031
5562
6019
3162
7550
1769
9780
7810
7704
966
6187
8428
3249
1214
9480
3222
1761
9851
4680
2474
7785
3514
8100
5689
5544
697
2369
8738
7866
4089
5553
4691
147
1859
7685
4848
3303
7312
9437
1746
8883
8585
7121
722
4767
9122
9880
6135
4861
6676
5482
9568
6329
4784
1451
3079
7995
9560
2531
2682
8147
7619
9135
3258
2011
7492
1770
4110
6184
2174
4918
3063
9007
3750
2046
3522
7351
3301
8244
3575
8783
740
7788
6364
4266
5039
7
7381
6947
5988
5419
1799
257
9210
1011
2884
7455
1372
1200
396
4297
9546
3173
6793
9585
6207
623
788
8009
4415
7746
4813
254
4060
9674
8335
9003
9069
3358
3493
566
1046
7910
4839
5423
960
9206
4601
671
2489
5660
865
809
5526
9396
1696
7621
8471
3231
3299
4958
8811
640
5298
9352
373
6359
8201
8859
789
4550
2461
8488
4184
2763
7189
5832
2146
8483
7233
2345
6582
7708
5498
9670
6825
1031
4876
9988
3729
5134
3536
7222
3576
8182
6079
4361
4977
9072
7715
3535
9310
852
2334
7154
5204
5014
4520
803
8395
2462
132
1
9697
3434
6635
8956
1341
5558
5004
96
108
3332
3408
2853
4623
9154
6394
8694
9013
7916
4952
8754
5714
934
824
5341
3479
2628
3949
9792
5463
7939
6249
7122
2231
5345
8610
9211
6227
1671
7915
7571
4315
498
1517
1164
4111
6523
187
7908
6620
2576
4618
1352
9835
6429
1131
9497
7268
8041
2216
195
696
1244
153
5442
9220
255
8597
8351
8066
6878
5404
386
3489
2303
183
2023
1271
822
4636
6643
482
3854
656
8753
5545
9936
1238
1460
9197
1734
9322
2047
9556
4064
7680
2842
9057
1593
1549
8427
2522
4079
3267
3471
3165
2946
4604
9425
4696
1703
2883
6234
6080
4483
3757
5305
6780
443
9686
6448
3927
9618
1599
5147
8012
921
2426
9999
2793
5285
8298
4999
5921
4366
5087
8368
5676
4948
2666
2787
126
7832
2953
8716
6483
4178
4946
6958
771
4466
6936
7726
1305
7238
6491
8966
3907
4181
5915
2112
9205
2201
8375
9244
1124
5047
919
1220
2582
8551
3423
776
4992
2260
7957
243
4771
4727
8473
940
156
2313
2214
8554
9617
1354
8994
7192
59
9504
2150
8023
7410
1946
3597
5324
996
3262
7277
261
55
9316
5097
4159
8054
1790
7656
8284
9288
3928
7240
7590
480
2690
3133
1818
4470
5091
2885
6594
4094
4419
868
9714
4733
3607
8315
9650
1546
4139
7538
6647
9597
9033
3593
8493
8704
7419
2837
2314
2225
1783
3276
203
5682
4870
7964
2376
3699
4574
1575
2936
703
2823
349
8084
3805
5018
4384
8833
6814
901
3230
3705
3366
9369
8516
9484
4553
7411
3478
8311
7323
4362
589
5352
281
5515
1805
8341
9652
7886
2355
2416
3388
7606
3033
8223
3125
1408
8620
5328
8621
1635
8629
980
3395
3909
4014
4465
4587
495
5519
3534
2425
2475
5949
547
7055
6981
2790
5800
8991
3402
4492
7560
8590
1210
4704
2036
9395
625
9341
9847
7278
8292
2562
7517
8965
1924
3143
7654
1846
3591
1910
9441
8487
5430
2605
7591
6868
478
376
2802
8190
5489
2027
6859
531
8132
8558
3974
6831
1614
6685
9965
1607
6559
272
5797
270
8258
8018
702
4711
7987
7236
8896
9963
1747
6021
1757
1392
5282
3603
738
3622
5944
1188
4479
7359
7545
9279
8920
5858
3671
1724
7452
4602
6584
7050
1991
2659
6703
6999
9130
5108
6755
6864
1067
9651
9589
2152
4053
8752
5666
3294
5497
5448
1015
239
6042
1586
312
8251
6434
8645
9246
79
1844
8407
746
6409
7858
8699
43
7896
4491
7514
7548
228
1709
2268
3374
3124
8187
437
5175
7448
5957
61
1526
6808
4254
5835
7383
8898
7569
6018
9173
5177
4622
8990
7069
3677
2967
9801
168
6474
1669
4278
523
982
4329
6844
9436
9975
1227
5783
3609
3240
6435
1026
4276
8837
2087
5550
9997
5532
8401
5433
372
8053
2039
2828
124
6998
5525
1017
1485
8945
4090
2746
5570
7828
6639
9995
3888
2922
1814
7206
8152
5542
5036
9698
8478
7469
5099
3145
946
3051
1749
5314
475
841
3306
4243
5244
9806
7845
7267
4281
1469
453
9227
2210
8765
7770
1570
3023
1113
503
7941
1203
1813
4374
1809
1008
2009
3424
2801
8105
3101
7195
4193
9850
2715
6671
2626
8507
5773
519
106
8635
5307
545
2249
8372
7279
4490
8020
7314
5708
5399
1226
644
3021
983
1637
2631
2257
7607
4825
84
2267
4230
5480
6380
1756
1713
9383
9998
1557
4033
1019
6006
4487
2814
6266
5080
676
8156
875
6916
7142
2928
8345
6716
9030
7086
5045
4687
4342
9919
4331
423
7394
2616
4723
8644
5850
6024
3475
5366
4752
584
7105
4249
2952
8556
7837
681
1928
2084
3560
4288
7804
7456
7403
2143
2463
3292
3446
2296
3486
7428
930
50
1429
5269
6580
4499
2459
4529
9208
3537
3105
2587
3803
2114
668
6387
2408
7926
5227
8987
6516
1342
1311
2380
8477
5479
3465
6758
8502
613
3279
1267
3057
4348
1827
7659
4299
9722
876
2638
691
2247
119
692
7761
7938
1617
7727
7734
4856
4085
957
6475
886
9594
9706
6124
8836
2612
6964
1539
9708
798
6988
1256
9728
9807
9336
8529
4372
9510
4345
6290
220
5129
7384
2385
1874
9432
7505
8208
130
8906
9731
9692
6975
1318
4788
439
2804
9555
3829
1018
3594
2575
1955
9926
2736
3527
164
7990
5961
1382
408
7713
6785
8971
6721
6421
200
1929
8235
8422
5441
9619
5048
8594
7390
3760
2650
4048
9958
8829
8844
6983
7353
1582
3519
5681
7551
3565
2195
2424
7367
102
1847
4694
1150
8046
4988
9671
7741
3543
2212
4934
3338
3564
3516
9034
2291
6585
3583
4411
3523
7595
2436
9701
1163
2730
9653
8715
7032
9403
9539
5284
8724
1870
1366
5144
9521
6885
7101
9100
2275
8248
6460
1961
2101
8771
9834
2307
4489
4454
9235
6613
9083
1968
105
4647
2473
7679
5218
2044
4025
3849
8121
7662
6769
6646
4521
7814
5016
5715
909
1106
9008
7242
1837
2343
7140
8588
3407
5157
2574
915
3160
6441
1360
4207
7431
4581
3733
2277
3036
7318
1732
9053
4171
6438
5798
6866
1759
7388
2566
1781
3795
7358
44
2874
1088
3311
3256
1777
5775
9970
8245
8867
1945
6920
1595
4247
8690
5951
2639
1967
1075
8596
9549
5105
1286
5205
3863
8324
8911
6901
5122
1989
2917
6894
2641
9820
8658
6661
5468
5066
7700
4216
2947
5749
4327
628
2375
2135
8628
5770
871
7097
8532
1638
2123
5973
923
9294
5275
1050
2654
1823
8809
1721
8386
3103
8526
9089
7898
550
5992
1195
9972
72
9139
3293
679
8609
645
7211
753
5154
1107
5029
2337
8751
2512
3300
1263
2328
9696
6757
7671
388
9414
7636
7369
146
7380
3574
1711
3999
791
9558
4709
3449
8239
1190
1646
5208
1509
3003
354
4448
4270
7778
5752
7867
4108
9967
139
9924
3060
8720
8978
8577
3585
5655
9241
4528
5702
6177
6733
4740
4078
4944
5457
8283
5523
3922
1112
3490
3655
3838
245
4039
6537
3541
969
1004
2074
866
9482
3589
4126
9079
4559
4781
3153
8835
7060
3040
5864
6914
6337
9915
9747
1349
8619
7973
1006
93
3073
403
2378
1906
3257
2713
9740
3460
5246
3223
1479
7336
5945
6008
6385
4826
4627
8766
3781
3089
6109
438
6828
1329
8475
2516
4069
17
8853
8902
829
9390
9762
8071
9890
6963
3659
2975
2984
4801
905
6468
6366
7049
9113
207
9660
1536
9103
2028
9947
5069
6553
7815
4115
9011
3814
6306
1433
8592
6684
4146
2333
881
8450
7948
2892
4341
4532
4637
2454
6942
177
2113
5635
1865
5829
181
5424
7099
6767
5646
1727
222
533
3786
3735
6668
315
4272
8034
1693
2015
2600
5852
3776
7129
5167
1262
851
3608
3582
4591
6528
6530
853
1758
8352
8714
4294
3419
4661
7687
7220
1514
8572
5395
2341
9105
7059
1427
8127
1702
7252
5662
5861
9193
5651
6566
8865
4464
5146
5563
7486
4937
2211
1333
615
8503
2139
3405
469
2807
3915
9772
1261
2788
5270
576
8015
7247
6714
4106
4534
9645
3508
7179
4021
8150
8598
4736
8625
6015
4874
9351
8907
2585
1803
6534
9143
3418
8860
6459
8302
3861
877
4953
9614
7111
7816
9145
2767
9503
1295
2848
3108
933
8760
4840
8287
3164
5521
9611
1289
6692
2547
9204
9061
5481
9753
7527
2161
6911
1465
8430
5046
2862
7665
4973
5876
3202
4386
2418
8763
3742
9580
7386
683
5271
1399
501
9865
3492
9736
9750
6579
2570
2332
3646
2031
6669
9221
1253
9090
3666
6860
8537
1060
5593
3572
2246
2142
7210
9161
5647
7392
1905
509
8740
9230
1901
7535
7432
8618
9948
7999
337
9398
1639
7890
3488
4872
483
2986
3349
5990
6720
7678
3130
3112
731
6717
2493
739
6919
7842
5970
8176
507
4250
9483
6382
6607
1444
684
4629
7040
8126
6978
578
1056
9748
927
3080
6471
9741
6225
4759
4296
387
152
3075
6536
3334
6515
8730
9609
7628
27
931
1170
9906
6457
90
3796
6801
4744
1940
284
5322
3707
1573
8089
2894
667
9798
9916
5491
3284
8406
7777
2614
3809
4913
1144
2319
7213
971
6823
4739
94
4429
9599
8369
5383
6915
7903
717
9162
6164
3132
4100
6161
1503
1052
1179
6388
3216
2500
6282
8366
8677
4791
3012
9937
1171
3881
548
756
6875
121
5143
9634
6749
5975
3542
7861
103
2601
6036
1838
657
5511
5881
3207
8174
8533
6626
3963
9245
1290
7840
1239
4679
3210
5686
3651
972
5801
1505
2490
6432
1933
1752
2394
6759
5012
2290
2040
1260
736
3170
6212
7085
1037
4579
9800
952
5191
7676
8547
5622
9724
3945
4410
7193
5543
4242
367
7820
2078
873
9658
4656
440
2662
2813
1975
3496
5581
3549
728
9167
542
3953
5764
4664
7762
2636
8160
7027
198
8494
2064
7836
5238
6556
2553
2895
2880
3041
1448
4925
7962
3159
6697
3578
7029
5701
6336
3878
5037
1065
1612
8505
6591
5738
2903
4256
9685
7100
6874
2832
5126
9774
4076
9669
5968
1189
1883
6873
7603
6501
7766
1772
9631
7559
1641
5488
4152
9809
6893
9710
7341
1664
361
6786
3811
4050
7588
6469
7750
7739
2346
1695
4175
1672
8879
1473
8808
6852
7365
1998
5846
6288
6142
1481
2653
2727
7931
9267
1733
812
6760
8926
4983
214
706
2021
5868
7936
8977
1279
5731
4675
6682
7006
209
9387
8804
9486
4746
9319
9149
5237
4557
8088
395
9702
3324
4477
1336
8308
2686
1254
8304
8022
2185
2347
7331
9861
6100
7772
2633
3891
8454
7058
3381
9964
6748
9276
3950
4845
6078
6071
8528
3531
6612
7940
8874
5793
5128
3487
6453
4543
6461
964
123
9067
5137
2498
8542
7553
2178
712
9734
4563
4204
3817
2285
7508
9781
1308
2865
8846
4555
3086
5851
6413
1404
6830
626
4269
7516
880
835
5908
6188
8021
2825
7311
338
42
5084
7841
8118
9333
4518
7930
2776
5860
283
8411
2851
5969
9946
2621
2159
5034
206
2179
8042
2237
1996
9473
7740
5476
7660
4116
7315
6837
518
2025
1605
6235
9842
7219
7065
2276
2357
3941
1316
7420
8200
6246
1864
4255
5253
0
76
757
7062
4151
2230
3846
2351
7747
9405
9282
7335
5866
4186
3697
1534
8155
6033
3081
6426
5736
9452
3295
5055
4778
891
9955
7226
1919
2470
9138
3672
9524
4859
2365
5765
9236
7624
2486
7434
4689
7943
4562
5663
2630
9925
6533
4214
9908
1869
2750
7853
7562
2096
608
2447
2131
8821
8778
1281
4077
2301
3139
9661
8123
7631
399
8850
1489
3452
8103
1251
8215
5774
1923
7872
8226
74
7613
7520
7699
8955
9914
4507
3078
2232
184
1560
6374
850
1502
6040
7839
2692
567
4734
1425
7847
2675
3749
8947
9226
3024
2419
9317
8104
4101
5786
4360
5564
1990
6254
7075
8060
1228
4666
3638
5575
3533
6524
4608
7453
5577
336
2368
2468
7119
1861
7981
9074
8873
8222
9312
1740
1477
8663
2711
6110
5929
1206
8511
6381
4894
1073
8075
1257
3588
5300
6816
1877
3648
1035
7530
4088
5910
838
7923
3837
8447
2464
3962
8861
2879
3483
5717
1101
2469
5329
462
9242
794
7921
7765
9485
9918
40
1223
3387
937
8627
4443
3562
9253
9182
4462
5111
8897
8380
1584
9224
2086
3773
4544
2477
6696
2330
5690
4008
5172
166
8161
5698
3157
2406
7563
6889
1141
7653
7066
6701
5611
770
5265
3966
7768
3250
5005
7028
1550
975
4135
4898
8191
6949
8773
7153
9046
659
4380
8017
9913
6535
5318
2224
5589
5323
6245
3016
6470
7084
9036
6231
3410
1685
3065
1193
2008
1524
2242
9313
4556
5032
9141
3117
6718
1659
8404
7046
6817
9104
6314
6454
9755
3897
2115
9989
6791
544
6347
5507
5348
7967
2017
420
5645
212
7118
6431
2062
883
1792
4811
461
1755
9625
5962
7688
3190
7998
9423
8085
9945
3904
1899
9944
242
1315
6815
2126
9264
7856
274
6702
7463
1044
1717
8817
9350
7350
2594
2559
5325
7655
3901
5109
4279
8146
1351
5460
3937
9347
7187
8115
7583
2961
2433
6649
3194
5897
3679
7892
5121
3657
1023
3317
8710
1644
441
617
1148
5502
3553
7168
8062
9163
8847
710
7159
3497
1613
5979
8185
1510
1972
4167
4170
775
6428
8242
1853
7902
8692
6361
7137
8397
48
3129
2002
9501
4966
2549
6986
6068
7088
9459
4890
197
496
2976
515
296
2723
9078
49
9506
6075
7102
8616
3869
4735
947
9357
813
5911
8197
2248
726
4038
5050
8340
8294
176
9375
4990
3719
3819
131
1950
4441
382
7014
3665
3320
7280
5672
8055
651
7849
2980
265
4322
1270
8049
1388
34
1129
9852
898
9175
3993
4949
9987
8365
3385
1889
815
2507
3383
6994
4198
7632
843
6476
9883
1688
8995
3505
7951
5212
8272
5748
1062
7744
8336
5145
4513
3354
1173
2240
9537
9695
449
3726
1812
3224
7808
6016
3900
8568
2577
6789
2487
2382
9633
9151
277
4700
6804
8514
686
4748
2202
5294
5640
2271
412
9960
1375
7103
3929
9111
4379
7337
7753
1111
3420
3741
5504
3481
7876
8671
3042
4928
7511
201
2133
286
5049
4031
4902
400
8019
8581
4816
622
3412
6439
6086
3552
5954
2386
773
530
7475
3398
5223
9578
5567
4002
4658
9931
3068
5261
1154
9654
4364
6041
2950
8535
7163
138
7160
6951
7181
8393
6784
4343
9656
341
7438
8438
7629
2809
6444
5900
1628
6045
7143
1832
5584
6977
2450
3788
6400
4924
4201
2336
39
3217
7779
9606
7755
6558
6121
415
4408
1061
7471
1547
6149
6258
2939
1983
8880
2915
5822
5474
8885
9229
4128
9711
385
1851
3723
1722
1344
8953
6039
9126
9836
2921
3807
6763
807
306
2417
9247
2677
5601
9035
5008
7979
7955
5604
6517
7201
1025
223
1932
9052
8211
3912
1202
5148
158
7064
7531
2554
6812
1754
5035
4509
718
7167
5574
7068
8583
7239
9038
7857
4137
1167
1508
8076
6081
8767
6399
28
5060
4238
5842
3188
7983
597
734
3825
3797
2272
3104
6178
8643
2725
9337
2896
8637
7209
9630
6053
7423
1684
9148
2536
4020
910
9165
7696
7555
9499
6856
8459
8131
977
233
3879
7228
6756
9519
2979
9723
2379
3713
9240
256
375
2930
7641
4580
5259
3762
8999
7338
11
8718
4551
5472
7090
1771
7215
5354
9217
9123
4352
2407
3360
5239
7265
9393
2284
2535
5492
1577
128
7491
7906
5494
7633
5058
2565
7732
5388
7787
1010
9334
6205
4363
8721
7287
7720
365
3673
6818
8703
191
7083
3828
135
7128
2558
9409
8166
9032
3001
3026
7848
3971
1459
5000
8425
9826
7605
5745
9185
4896
7487
3698
1411
5843
8353
4442
9785
4248
5248
5242
92
9668
7418
2292
3917
3454
9752
204
2959
2449
5595
2090
9532
7094
9512
5810
486
9802
8622
2226
9323
5939
4210
1857
7218
2530
1069
8344
4117
6067
4703
7387
8108
8650
6497
8831
1423
6806
5195
2198
5100
1332
2310
1470
2958
941
7130
9876
5816
3285
2573
5980
9873
7504
9394
7285
3639
9305
1994
1948
4566
170
6211
9174
3113
6955
4524
1207
193
1462
1059
8762
6736
7914
6851
962
9932
7515
6709
333
1135
7977
7126
2081
6750
7230
6662
81
5194
9605
5052
1162
7928
9684
1794
9315
9292
5579
6046
7650
3507
7447
6926
8600
9189
6116
6122
5288
2420
5747
669
226
4370
6201
6060
6419
406
5495
6633
7868
4421
5224
4984
7430
9445
8157
9608
1234
9525
3384
8392
2397
5870
6414
1692
6644
9862
1072
592
1588
7070
7749
3706
1400
8813
4022
561
8868
6020
9203
3540
8802
8069
5219
9330
918
1421
3472
1328
3755
6777
393
6970
6991
2166
3426
8183
8440
8807
6513
6821
6343
2945
7570
2327
619
8218
8271
5118
7509
4291
1209
9328
9155
6725
9712
8726
9140
9180
7817
5339
3191
3875
4300
5390
5135
6764
1086
9864
8169
5684
2321
8443
2652
7162
724
9860
5618
9298
70
5677
2668
8929
8102
1974
4926
2893
3619
1686
9481
9571
5756
7241
6425
7894
5656
8759
9152
3028
4794
3958
1437
5863
6129
5916
7399
7970
307
6026
83
6863
3598
5286
5880
5517
326
32
6379
6189
1824
2778
7000
7730
995
8660
6404
4049
1218
832
7771
8339
4888
5889
7316
1484
4757
1476
660
8827
3287
5136
2784
7536
1480
3131
5561
6285
2326
3271
1852
1084
7978
95
9959
2054
8565
2107
2430
9673
8262
1178
4017
978
9953
7266
1278
1655
6969
3011
6175
78
7274
1440
9326
9415
3774
4067
6578
2446
8756
9849
4104
7586
9815
3865
967
8072
3163
3183
4797
8413
4933
1087
150
5249
133
52
1080
3847
7683
9491
674
5700
4373
715
7887
8035
3782
9887
7214
7879
4052
8508
5330
30
1912
1381
7232
2518
3017
1063
3346
6897
3297
8606
7789
8601
6196
8653
9922
188
7450
959
5755
7348
2091
7626
4385
157
5960
5531
8241
1312
1978
3841
1712
3800
3856
7474
7544
732
8001
1064
9825
4303
8227
4644
7790
7513
4981
1166
2068
2797
1299
3369
8784
5278
9366
3940
2364
2245
1394
8137
5272
2973
4965
5056
529
4860
5013
7117
3689
9379
5273
3802
6577
9022
9596
3244
2648
9593
9665
6023
1016
116
5150
4382
9888
6954
36
5104
7969
7345
9691
7738
1232
8439
9338
7362
1765
2399
2756
1602
368
2870
88
3873
3178
3039
8737
8695
693
974
6294
7004
1258
8770
965
4046
7120
1649
6077
9576
3394
2354
9144
6247
1675
9228
2764
6494
144
7294
2175
8031
4274
998
5885
649
7009
7863
8522
9023
1330
1114
9765
3149
1041
271
8199
6982
5766
141
7061
4019
5110
5093
64
6464
3778
4819
2309
2679
3429
6694
2693
9410
3084
9789
8612
8400
769
6232
7082
800
6850
9921
6323
4857
8472
5140
3653
2154
5102
9550
6667
5847
8181
6309
4309
2149
6375
6743
9764
4572
5033
1456
4192
409
3365
9283
5695
21
250
3759
4741
2557
2520
3336
9694
332
269
5599
9287
5410
5464
4066
8175
431
3957
3716
120
2361
3751
1640
9817
1872
5344
4087
9397
8701
5083
5402
2760
1745
1677
6525
9641
5401
2997
4187
3862
1918
471
8486
8509
7360
5317
5518
7972
1377
8559
77
2989
4517
6841
7686
6573
5181
4597
2703
4045
4650
7196
9121
114
5602
4945
8153
325
246
4446
8921
2526
948
6176
1840
9739
4375
3494
5527
6002
1731
3551
9304
1183
202
6603
1719
5554
2820
1970
9569
5467
5641
8800
1704
5918
7408
2969
6849
1611
4013
3996
2716
3076
6295
551
9443
1590
7833
8172
1147
5512
4051
4593
1259
7295
2158
1873
675
8148
8787
3675
7954
4754
1802
2415
1339
581
2592
5222
4035
218
799
3656
5964
780
5406
7259
3085
2302
8389
6678
3058
8563
6276
3517
2545
6030
134
9566
4634
872
9102
7748
587
5536
7782
2471
4697
7023
4596
2852
5548
2838
7690
4244
4081
6918
1358
9616
1430
6455
7013
6482
2774
5627
3350
6699
6672
856
6943
6330
8607
3327
5500
4678
5585
6845
8935
4725
6327
5319
5385
8446
9828
6091
5070
7692
5125
3544
33
3172
7584
2038
118
2850
9612
2658
5937
6210
9442
56
3195
7521
7561
3815
7056
3610
4753
6350
6616
1246
4938
887
4092
4884
4438
8230
5115
5746
6473
553
3532
9771
6411
7912
9938
9490
9526
3439
4261
9572
2858
2603
4537
2924
9371
9376
3268
2572
1935
2539
7873
2265
8416
1324
8130
958
9047
1656
6051
3867
5397
7005
8016
6115
833
7827
2660
8700
2270
1024
4133
506
5571
5254
2643
9064
5
3166
8806
7123
5290
5247
2076
9935
4617
3710
4218
2472
4463
7132
7271
2983
2004
9832
2743
9380
5229
6310
3766
2982
1110
5240
7546
4476
4720
1003
1105
2718
8536
18
5107
6168
9830
1493
1815
6887
5587
7361
6562
1811
180
5189
4166
6896
8903
6324
2589
1522
8961
8256
8599
2089
9917
8843
143
7988
6194
3066
827
690
6007
951
8303
1986
4251
4951
6726
3175
761
9788
6597
1701
5894
5606
9717
8433
4652
652
9513
8863
5096
7275
1506
5196
2427
6623
4909
6315
8691
6596
8129
2710
5716
7722
3822
2304
2891
2815
6104
7108
3650
4804
1236
5233
7127
2360
5077
2003
5217
863
8964
6959
8460
8111
5159
1211
1156
9457
4907
8434
1665
8050
1447
1791
6136
5730
839
3004
2323
8993
8267
7333
8456
3158
2806
8976
7346
7051
685
6488
2824
5313
7554
3858
2514
9252
4434
4610
867
5539
5459
7138
556
985
8496
9678
9877
4765
8678
3005
8761
9559
4643
3914
7724
484
5130
8518
8332
5691
8491
5023
2513
9707
2900
7905
9416
6557
5693
2556
8552
6103
514
3193
7467
9786
8381
3264
3745
1028
481
1383
8857
2049
4122
165
9869
4480
258
14
4199
3981
4478
6740
9878
4640
2584
2258
3969
4162
7217
3615
4803
8065
6962
1943
8942
1304
6154
9715
2714
2765
9462
3887
5857
8878
6659
7479
3205
989
1029
6615
8318
2053
5153
9413
817
7484
6319
4980
2151
9939
1947
6992
3070
6546
5241
8944
8828
9920
4475
1012
5737
3630
9001
1601
4969
2317
3025
4762
1127
7310
318
9689
231
6892
1925
463
7205
1345
4180
4682
6372
4239
4000
3654
516
5685
6937
1269
8299
5923
3712
2105
3372
9429
6890
1766
4829
4397
9777
5020
5956
6148
8849
3526
8615
9470
3561
629
5201
5485
1177
1627
7473
6773
4710
3015
8686
3345
2855
3649
1591
4124
2402
3214
7073
2929
12
4333
5166
9125
1973
9859
4731
80
7449
371
1395
754
417
1519
1748
8007
9402
4273
1240
9985
3895
6044
1066
9031
6861
7566
9930
9639
2043
9184
237
3979
8538
9190
9713
6442
4837
7299
725
6961
6924
9791
5713
8323
7307
9453
4277
5173
1678
4034
4174
4806
346
6415
2742
8639
2048
31
9992
9037
9552
1513
6354
1225
7658
1357
4417
264
8786
8816
394
6151
4905
2841
3530
3947
9602
9293
1843
1730
4206
8442
6554
859
285
9488
5152
4514
8582
1168
3255
426
949
5820
1370
892
577
3035
8099
8733
3462
505
4336
2193
6093
8871
8437
8656
4832
8178
9872
5706
3994
465
2077
4766
57
9823
3918
9986
9044
2499
3919
377
5478
9600
8963
954
5343
8557
1657
267
8282
792
6280
9346
5301
9168
2476
5844
917
6228
8779
4304
1650
1452
6984
4715
45
2223
8515
4931
894
2968
6846
1121
65
4368
7478
9726
7089
5057
986
6307
9896
6253
7661
9015
4041
1931
101
6595
6545
5757
1348
5466
5938
512
890
1895
595
705
5231
6934
7298
5377
1555
3559
4714
4954
1501
4695
1531
1488
9784
3934
5513
5830
5982
1651
402
1192
5754
1920
9754
5200
3186
3606
1663
3118
6848
1191
7398
707
3936
9541
7897
7756
5966
9119
4686
8681
6259
7549
4073
5804
3377
327
7922
7813
8675
9269
3731
5292
7852
602
9198
3777
1216
5631
7925
3466
3983
6272
2994
9080
2998
6614
7889
2363
4613
8028
9824
2505
5603
2071
8179
6498
2117
6199
870
6581
9761
884
9818
7917
5258
7272
1565
3236
4232
9343
874
3221
6917
2413
1662
5082
7825
2404
6296
3693
1125
5652
9181
1562
5434
6677
6617
3235
5617
4400
1133
583
8361
1335
60
3764
1414
5884
9270
4056
9682
5537
492
4474
2191
5119
6544
8355
7800
2905
3577
9321
526
4535
4173
216
2857
750
2103
4835
2992
5358
7819
4472
240
8593
8981
1568
7001
7718
9502
6351
2422
9160
7026
8112
6301
4728
6389
1499
1268
9039
855
1941
7407
3477
6996
1122
5245
4737
235
9062
8213
9884
6636
7512
4755
6238
3357
6935
1160
6858
6083
6768
8900
8782
9534
6362
5919
2901
7332
1130
1302
8662
5769
6169
4911
5015
2118
9447
786
3242
5142
9467
5582
7532
3959
7701
5628
5092
3636
8996
2596
9871
2875
8569
8346
2165
9000
9058
749
4672
3126
9286
9563
8008
4880
3278
3121
1123
5971
8281
9548
5668
311
1384
6810
2780
7253
4975
635
4042
6519
3440
308
9487
6719
9727
3002
1789
2622
5356
5984
5232
3727
878
4260
4389
16
1512
1574
7681
8789
7829
9846
7282
4313
1626
4663
6660
5887
1529
8464
1624
7523
8193
767
7194
6213
6403
5277
3304
1082
647
1738
8665
4676
6224
802
2990
6190
8457
3793
7327
5633
5427
6679
8040
1365
4330
4140
2349
2184
3319
5823
7617
9700
2846
5925
4325
1309
2432
4867
2609
6204
4772
8039
4516
7095
2657
8527
8045
8171
3626
6927
5415
842
6687
9368
4267
8790
9106
4234
9274
1242
6888
9172
9212
7364
4323
2916
8027
1776
8159
4962
9623
8337
9962
7803
6446
8500
5704
6243
9449
6511
8648
6101
9649
5078
6819
8052
4043
4347
487
9306
5632
5995
4032
9150
5225
300
8360
7754
9373
7695
5407
2393
7639
7597
7057
9263
8117
7427
2734
4589
636
4947
5780
5264
8094
7301
7155
7725
3685
2680
4963
7396
4324
8273
6333
2729
8510
224
7366
4941
5268
4830
6691
4862
9889
6705
1222
4065
1386
9257
7929
6341
4080
8501
230
4185
5912
2740
6610
9216
2445
8799
3392
1169
3228
862
227
5409
5849
2061
6568
510
666
4285
7949
7775
6001
2563
902
2220
7107
9941
7759
8037
8409
3834
189
7822
9478
5977
4850
7651
3988
5179
3954
831
117
2511
4821
3348
9191
3973
9933
8819
7672
9340
1558
4855
3474
5221
5316
4125
7302
9875
4319
2799
2373
7124
140
2689
9704
9858
5680
1988
6291
1541
1820
8162
2956
499
2181
2795
9284
8840
8848
599
3342
3921
5725
8573
5149
7997
9744
2532
7731
5211
929
8777
4639
9508
3643
3946
3321
8674
2244
4611
4005
5853
4959
3813
5996
7567
6467
5862
6271
5902
435
4802
2190
7667
9307
540
7339
2663
7325
2299
6191
4160
6114
5670
5934
9790
2749
422
6134
8207
2700
8988
9853
7022
1364
5216
552
2013
8745
225
9687
1532
9339
444
448
5501
4071
4527
7689
3007
2791
695
1866
4843
6338
7752
1174
2206
616
7019
1071
9492
405
7109
7036
1128
1938
2207
6440
3989
5883
7216
3445
5351
630
5727
7324
2586
2331
7834
3905
3748
2421
9799
6642
8234
8314
3169
7507
2962
1543
9904
5025
171
1615
2241
7534
4497
8916
5799
6275
6171
8080
6637
4405
1810
5043
1900
9613
638
9498
1009
5075
3965
3592
8915
4964
6465
8729
7093
8933
9237
7017
3567
1647
9239
1115
2097
6480
5151
7171
7717
4164
1079
744
1674
4660
9804
4669
713
5986
104
642
4227
760
2147
6424
9043
2970
6357
8004
3213
2561
275
8474
1199
4606
5687
364
6059
29
7096
994
4235
6971
3097
6318
861
4468
572
8655
9803
6693
661
7489
7395
8327
7304
7391
5848
6066
8217
6708
2168
8795
7996
2755
1483
2410
5353
3326
1132
113
3916
7697
8899
1153
1159
673
86
1033
1471
2792
7150
6180
5551
5103
5779
9348
5361
5426
5826
9831
5972
8919
820
3296
646
1407
4922
1966
6618
7885
2243
7587
7007
1700
9118
1849
9742
2913
5074
3140
1040
857
7012
4564
8367
538
215
8309
289
4655
3808
7444
5529
2649
6776
5638
6727
7669
7425
5469
6304
3711
58
7710
3495
8378
6794
1434
5116
2169
8917
2598
5528
5381
3504
5711
7646
4194
6125
1922
7078
6097
504
6839
9567
6778
2731
8764
4504
4684
3690
8276
4237
416
4044
9607
7854
6781
1014
6055
5369
2560
1915
3209
5688
8144
3283
2132
7994
329
5302
9349
9098
9579
2794
7465
2497
5496
1697
1670
4833
4107
7370
4307
8402
1283
2480
8216
2315
6811
4751
9299
8564
7145
3754
1264
3703
3455
3908
8950
1420
2753
709
5789
5133
6820
1778
5393
2439
5854
7156
7002
9527
4993
6073
9196
6827
1231
5198
9795
3634
2312
9570
205
9444
2769
8077
2339
1834
6418
9557
5699
251
6572
1666
9984
252
7838
6509
5251
425
5899
8647
6695
6772
8445
4582
7289
3740
1415
2569
846
8359
2912
976
1714
1224
9358
828
8775
8708
570
1136
3680
4808
9433
2619
8626
5437
9129
9087
9738
9911
4530
8010
5882
4378
1495
2218
4012
2819
3403
6365
2943
2830
3985
9223
9218
7237
4222
8363
6120
4536
2602
262
6504
2083
1956
8014
5811
2
9281
4407
2221
4575
3093
1715
1753
3876
107
9056
5952
4974
1882
9438
2860
9071
9250
3330
2116
6185
3340
6047
5021
3413
4871
6574
4195
8780
3397
845
700
8735
4793
9768
9659
5943
2687
8168
6405
7525
430
5827
2072
5661
9863
5094
6485
5958
8374
8788
8453
1629
2752
9693
3581
9386
6956
4533
7547
3836
5814
7048
4904
5657
3185
4335
1552
3642
999
3411
4919
1098
1658
5914
7234
1233
6602
5124
7691
3734
5287
2821
9354
1054
9101
620
6995
8398
6744
2664
5308
3955
1828
1158
290
357
4567
6076
8048
7297
7182
2510
9912
5199
9867
6450
5306
8670
6162
4359
6952
6305
4197
4545
7264
3970
6632
293
9477
7781
1739
8801
4649
4253
758
9816
3960
8333
5422
914
7076
7968
7568
3047
26
8613
4681
1401
7199
6065
8984
8651
893
8432
4226
489
4007
3874
7805
4062
3691
1363
8954
1428
5138
9514
3790
4773
6732
474
8734
3902
3674
7677
5392
9954
4565
358
9610
1045
593
2839
8455
7901
3683
4168
7960
8810
8654
1385
5178
8098
8463
5867
7462
8652
6479
9041
3647
6298
473
5740
1457
9460
460
5503
5210
4252
4853
6521
5722
632
6268
6070
1620
2412
4318
7400
5768
2456
8237
2818
4395
9132
8249
295
3030
9159
8334
6912
6510
7652
1652
1293
9983
4189
6855
1801
8322
8497
7114
4750
9363
9979
3468
5452
2904
1373
8676
3871
8083
4768
6621
2012
6144
2908
9392
8856
5226
5721
9234
4782
3602
1878
5158
1610
6666
766
4732
8889
4671
9440
6392
4009
9115
6430
5720
347
1907
5723
8504
2183
772
4026
7821
3022
6182
8805
3229
7674
2966
3239
8768
5346
5435
13
3709
8149
3926
991
6390
2977
9309
4205
5750
4897
6226
4685
7760
5340
2754
6853
8082
5580
4495
2204
304
7244
4494
8300
7349
8958
4790
6766
5947
142
6953
9455
9016
3933
7944
1908
525
7871
7374
3620
8975
4264
6840
2918
4283
8087
6408
2766
5408
9054
3627
9874
7519
8231
2452
2987
8901
5431
8490
1630
8727
1554
819
7850
5192
6367
2481
1751
8525
8685
9213
7799
6881
5378
655
3314
7615
6686
1463
1118
446
624
8482
8024
5983
5141
9773
6529
6300
3623
3975
5892
7188
2796
6192
2298
7574
8257
9107
8736
7783
4817
5516
8877
9562
9601
5669
8342
2209
8743
3737
9973
1474
2286
5865
9737
6711
5874
8163
935
7542
7183
4070
6261
6069
7904
4889
5160
1880
9994
6221
4841
8399
8683
2264
9666
907
5709
7875
4654
7539
1594
3432
8882
837
9990
7714
5053
8246
455
2254
5974
1589
1822
5514
3470
7204
9746
573
8875
513
9474
1310
1403
7288
4240
4236
7459
579
2051
8255
3704
5784
8266
2882
1680
149
5418
2673
6503
4921
8026
1984
175
4351
2215
6445
7684
2059
4074
3631
1845
2102
2544
2282
7694
3380
2699
1868
1419
6088
8120
9528
9421
2344
1186
7945
7276
2305
6283
2119
8133
582
7373
4502
3161
5019
4473
7637
2923
6035
6631
8834
3694
7950
1725
3027
3864
6332
4590
7572
2281
4455
125
5183
9907
8830
8277
913
4955
6990
2484
5625
7053
5228
3792
4583
2646
2485
6985
1142
5922
9647
1126
5444
6611
279
6031
3247
7074
4665
5642
4221
1117
5630
920
2771
2409
2148
2228
4158
9004
3767
4457
7989
4547
4799
7526
5791
1291
8214
1450
5785
3645
4311
6599
2704
2974
2835
1391
7063
4978
8914
6451
1598
8238
1632
8377
4425
5613
1726
7958
3362
6417
2517
1108
6779
541
323
5364
5837
4917
1571
6339
5445
199
7382
4298
3328
932
7729
1005
10
5165
2352
4132
7984
219
4774
8682
763
961
7113
7485
2786
5665
5436
8192
488
4001
5017
6729
4729
7322
1143
276
4245
7139
5174
4334
9360
4141
942
7229
2949
5400
1992
6710
7705
3092
9418
2280
4114
3425
4006
7878
992
232
5486
8414
4724
7417
9259
7191
8078
6997
2877
348
1667
8119
2236
1523
2403
3373
6326
3775
889
3967
9120
1559
3998
2719
2604
2599
3739
6269
6843
4548
1296
2684
2057
6895
7460
3052
8842
8073
3458
6484
7767
6788
3910
6571
3931
5568
848
335
2316
2390
6605
9721
2222
9553
3722
9428
6123
8548
6277
7263
4388
8742
5859
436
4156
6989
7376
1100
5443
1954
470
9821
8210
8056
3184
2266
8757
6119
1298
968
925
9382
2940
7457
6973
5089
330
2720
4016
3850
1871
8560
9629
4027
7343
8142
4939
4275
1273
6132
4554
6752
9581
9365
7649
4615
8513
3094
6945
8448
7458
9095
9797
911
2777
6673
5794
8574
9291
1504
5236
6158
8912
6239
1643
9377
7098
1583
2502
9411
1653
1960
8659
879
5763
7134
6899
9969
9009
2109
3952
6344
1396
9435
6531
6728
711
7436
6072
2180
8291
3061
2145
85
8184
5796
9081
6126
3352
9430
6648
2494
9974
9192
3189
5626
3715
7807
714
392
7763
7543
4641
8189
1625
249
8330
9249
1916
5732
4910
1830
3569
3770
5946
4923
7552
6292
6796
421
4586
7480
6099
4712
5168
6532
2441
6747
7524
3451
6688
8331
5588
7454
8093
5450
1030
5873
6782
1930
2199
6904
783
3442
8307
2233
3251
4200
555
1042
418
3903
3956
9448
4409
9146
8269
7169
7859
805
4979
8452
7468
5453
1083
8319
6730
3389
6742
8905
3942
8138
8667
3599
8550
7406
3670
9451
8530
9407
1301
8426
8074
4068
8424
7306
6754
9356
6723
1458
6683
7495
2606
5643
7446
7030
8167
4097
292
4625
2010
8937
5171
8591
5621
2525
2007
7711
2259
3810
5734
5112
7174
4209
8669
4628
2037
2537
5825
3637
8005
8349
8781
8839
3752
7477
6402
3309
7645
5484
1165
4435
1406
8969
5206
6302
8000
8893
586
9048
590
5759
527
3629
2888
7072
1134
6013
7612
2041
5321
2847
1679
2442
3323
3831
1194
4630
7585
5283
1435
7575
4522
2632
7860
2164
4769
3265
2335
5071
3254
5303
2887
7249
8636
3853
3020
1294
5524
3579
9251
3743
6095
2157
6252
2455
2697
7975
4764
221
6737
8832
4326
3367
4568
4887
9420
1606
8938
2890
2348
4119
8664
1511
4600
939
7776
9529
3484
6427
1587
5761
7608
1876
1422
7811
3409
4099
5906
1027
8968
6798
398
3031
9314
4758
4213
1542
2235
2955
1119
5549
1096
9372
339
8196
1204
6836
8384
4149
6335
2550
2800
159
9024
2701
2941
5155
2050
8458
2318
598
110
389
8347
1981
3824
6312
670
7826
9049
3763
8948
2155
8279
4761
5998
8495
2665
4293
5417
7870
8862
2504
3618
3155
8666
6229
3128
1196
3986
8128
1535
9207
3518
5022
4084
7024
7329
9134
3701
5547
4584
9624
9615
9446
6052
7402
6131
1831
4892
8151
3333
6096
7899
7243
6690
9475
4138
6443
5838
4780
8803
5367
5001
8570
8288
3376
7203
8036
9469
9812
3438
755
543
8864
9065
6152
4501
5095
5877
565
2492
1775
6156
1443
8608
1182
4183
2162
658
2283
7493
6058
3370
5090
8852
5985
8297
680
291
5871
2000
7702
3935
7620
7441
1551
4369
4820
2591
1241
1705
2306
8992
6871
8539
8571
8731
7025
2177
5113
3721
2278
5771
9810
2732
6255
5605
9729
5483
3048
8561
9096
266
2239
4403
4471
4667
8275
7125
7412
6946
3339
9688
1858
7780
7611
3848
2708
6146
5924
6489
4355
5281
1467
2748
6321
8989
5845
4943
6222
6128
2681
9329
6520
2942
2063
6601
7175
4901
4957
9775
8265
8110
5742
4155
54
1548
3525
9857
6420
6838
8158
7470
3171
7675
6342
5667
4599
4010
379
8640
8824
4467
2491
1442
9479
7357
1609
5767
5872
6518
1616
6038
5586
3872
5067
8204
6587
9427
7303
2171
9195
1796
9897
2634
2238
4515
4970
2707
8091
7769
7937
8826
7414
3906
2747
3997
6967
2854
3641
5538
4578
5664
8580
7743
5380
4500
5904
1095
6715
356
6540
2022
9278
5475
4182
6869
3806
7344
4745
3558
7809
1393
571
8295
6105
5895
6564
5583
1604
796
5608
7522
1265
3980
3331
5989
5293
5164
5778
993
4004
115
9225
9881
3305
8057
1636
7296
6062
1687
6505
1886
7609
3415
904
3473
4508
9991
4257
4851
5027
2356
8512
7884
7042
5086
6160
8296
2695
1306
5612
8263
7157
2079
5724
4136
5751
7812
320
450
2811
9468
5831
6538
2899
2200
6905
6641
4134
5600
7823
7956
7439
2861
9133
217
7227
5520
468
7758
2067
8316
2951
8260
9026
8679
6650
5505
605
5875
1567
4102
9179
6713
3794
3226
4439
9
6147
1449
2288
1806
9359
3720
7257
9077
3830
4203
9760
4929
7657
2387
8254
2019
2080
2543
8854
5255
7104
6256
8689
8506
8011
1572
2141
3208
7891
4083
8892
4093
5011
6183
3091
4873
8289
1402
4150
6230
6950
8469
8206
1245
6311
2805
1303
6462
2624
8541
3156
2737
2578
1277
247
5182
6112
6833
4968
288
2324
4144
2871
1288
2685
6063
1921
8630
8792
2342
9677
2125
2194
1424
5413
2524
9093
7663
4241
9070
4877
5068
7706
2906
2400
5202
2405
7528
6371
7223
4960
2016
3182
7483
1172
1891
3913
9870
4208
546
956
182
7971
4738
383
4674
5350
3893
7355
4153
7208
4814
1683
1654
7965
5963
8025
3375
5950
1898
1145
1744
4971
5812
5499
1461
4646
6966
2088
6492
7034
8586
8967
6753
7245
5215
6452
6965
8866
2717
2822
2789
9683
7144
8479
9300
9745
3984
8951
6141
2656
8417
9277
7221
6731
4036
8198
3857
1786
3013
3435
4552
5132
7582
5616
22
4394
4760
4061
5566
68
4631
2670
7422
4693
4263
5186
7592
6407
5362
8657
244
7016
1581
1833
7604
9268
3885
1723
3509
8908
9051
4262
9757
2437
7397
1092
6233
7557
2372
502
9255
2515
963
7038
7255
4592
4357
3747
5274
6933
4812
9730
4131
6704
5534
9178
1102
1325
1048
1319
3595
4202
1520
8385
6592
6665
3232
5250
1455
6278
3783
782
1255
6206
3469
9783
7644
9782
6634
6370
6826
9332
459
9116
363
3851
6847
321
916
4967
5073
3274
7736
2782
3545
23
2020
3144
9587
8617
8624
1371
4976
5493
2726
5326
9187
6138
7818
3820
2189
5931
8038
7627
5342
3978
5792
8259
1881
3568
9370
4301
1369
2052
298
1139
4157
4246
5788
9565
8243
2182
2540
6790
2615
5063
4287
350
2844
3632
6456
8719
5615
795
2496
1706
1875
1368
4344
8693
6664
8135
9725
5776
4511
5414
4496
8959
7773
2106
2350
8140
3823
2093
5637
8219
7212
1816
6334
778
3288
8684
8884
9169
8418
7131
8985
7907
5653
8540
1285
5296
3724
9391
3889
3453
9595
4792
2759
9426
9598
9574
4864
3386
5374
5088
2187
3111
8785
9496
2172
9515
1076
6477
5809
7018
9642
8881
62
3318
4895
69
8974
4358
2935
1951
8006
9384
2030
6506
4147
5596
6987
8203
3019
8774
9893
3361
8796
3404
5477
2289
1137
6195
7177
737
9627
6406
3083
9733
4220
2458
7185
2590
2370
3524
3640
9308
4523
517
5696
9431
3049
8467
4961
6903
4846
490
6250
7974
7308
7830
9767
3972
2919
5572
1252
8274
5355
433
4818
6802
5955
1491
3241
2325
5101
5368
1525
410
6940
4024
5209
604
7354
4836
6274
528
4789
7461
2519
8306
4619
6931
6242
1817
2070
7976
9290
1053
6373
7371
5428
3892
5634
6340
479
6397
9592
3359
7796
4176
6735
9505
6734
9112
3261
9637
9099
5076
7881
3702
5941
7326
9303
5170
9591
4800
3502
2869
3237
6551
9199
2045
6240
5473
2739
3088
4346
1631
6214
7735
9564
6345
2568
7021
9971
9166
3363
663
6670
6490
8383
2564
7712
6775
6627
8382
4827
8224
7728
6783
6014
9476
6604
9813
2836
5535
3467
6561
3628
3135
1826
5114
4328
9202
2396
7723
2411
4823
15
6508
494
3708
896
6567
1140
8095
4127
3
1855
2457
1431
6822
9055
5541
1389
6795
6057
9045
816
520
5421
2073
1039
3382
98
9923
4105
1446
4763
1380
6106
3520
6279
8461
3203
5235
9194
151
8632
4539
8973
7985
8264
3798
5398
7054
7745
3756
7330
6549
3456
524
9156
211
6640
4635
6656
1085
6215
4882
2483
2440
1346
3845
6346
6050
4054
7497
1007
384
854
3746
1863
7184
9238
5840
75
3586
5471
908
9320
6706
3611
7342
2032
9981
8567
3371
7670
1797
9076
6906
8983
899
7231
1208
2034
9092
6197
924
7328
5703
719
8924
7719
8270
97
5683
6593
5890
1893
6150
299
825
162
6010
3071
5987
234
4510
3785
1762
4549
8134
7039
1397
8776
1897
179
6376
1718
1977
7170
4058
1980
5312
2128
7593
3612
1862
1911
38
208
2234
6113
5188
3259
3758
6842
8247
8421
4730
5337
5309
5803
3010
7802
742
3006
3218
5394
4852
1764
2611
3546
5650
5744
984
6410
7648
7044
3925
9466
9335
3151
2873
7623
6619
3227
2127
2981
3883
2629
8520
1077
6108
1780
9766
7721
1936
1249
1592
9910
9703
9450
5659
938
3728
6803
6787
5976
3787
9297
6681
3120
9153
9675
2136
2610
4028
8688
3308
562
8195
6565
4920
7709
5648
25
2834
4431
9898
6813
8476
3353
378
3605
5031
6700
3147
6606
3476
2134
9131
5384
4003
2829
8449
2467
682
3688
8838
1275
5310
9183
3198
8143
419
5592
4798
2208
8305
5614
1497
466
5139
3245
7379
8673
8362
6000
9664
9463
3400
2293
5363
5828
1621
4561
3225
4659
6265
7198
129
4314
8578
7067
733
4211
6900
6025
5855
818
5833
8870
362
122
2728
3090
4779
648
3270
611
7281
1034
4866
6765
8876
3991
4396
4903
7581
4542
1036
4595
5739
8562
7372
5807
5440
6166
9663
53
6348
9109
3291
1398
4653
1914
3433
606
7576
5836
3391
6264
596
7865
7173
3243
6003
7254
8605
4271
8405
1944
950
5349
8145
6774
6328
6299
2371
8343
4927
4722
4560
741
3282
8549
2937
112
6472
7844
3506
6770
8107
5030
3924
4493
7166
1272
1903
8029
1785
6287
2137
317
3992
428
7980
9493
8232
748
1376
8936
7742
9848
1566
2527
8672
1334
1579
3695
4869
194
7377
6680
3106
9006
6056
2001
1530
3842
7589
7045
6972
8492
777
8633
4422
727
1521
1337
2110
5291
9544
609
906
7792
6674
3077
7375
6263
24
9993
1356
9345
5753
849
6260
1959
5038
6879
5061
6186
2056
3248
1689
5197
8927
7992
7293
1001
1993
5044
5629
4413
9779
797
6208
9584
9554
864
2186
2849
9164
7152
3944
5893
8484
8957
8814
5411
4989
1808
2661
8301
4059
1138
9219
8253
2627
6939
1494
9066
3393
6570
5190
4148
3714
2367
3717
6137
2698
4775
3192
6085
9231
3325
1737
8972
7149
4531
9977
5028
2985
634
71
9636
3064
7791
7578
1297
2443
1603
2479
6807
7798
1230
6913
9019
5455
3943
3799
5758
6832
5694
8851
7501
9996
4290
6921
6289
836
9620
4037
1668
9763
3761
3886
9374
342
4488
8113
6655
5597
8468
8823
7413
3718
3736
4161
6198
4383
3667
4915
5557
3859
4284
5470
3272
5416
1999
4916
6745
9901
6898
434
1219
2523
5379
2338
2297
6193
6886
563
1175
7077
6865
2273
7207
5560
6809
1884
6712
2651
6172
4103
9892
3563
4121
2783
4645
7035
8739
7136
9980
6463
2503
7716
7961
8960
2546
8081
3344
8465
8106
3115
6133
8869
6163
6167
4498
665
9646
704
1047
4588
4338
5389
560
7664
8122
3961
8278
3779
7666
9632
3835
7081
7445
5624
1561
7942
3364
3571
1022
493
2377
4546
7415
1795
2751
8845
7292
5123
532
6738
9735
9950
4451
3687
7634
8534
844
9040
169
1784
8387
5054
2745
1962
6284
5370
9899
9770
5371
5782
8872
3832
5327
3503
6589
5522
8499
6203
687
1892
2205
8940
5942
8154
4912
3289
6762
7900
6928
9042
9021
6270
5965
5981
6645
9561
497
1454
9209
352
7091
4399
7172
1000
5026
7784
8818
6325
4972
1292
7269
9124
3302
1475
5295
9073
8555
3187
5003
5375
7518
6548
4705
5530
689
5372
8326
3664
8444
7283
6771
9128
6867
8462
580
5930
3441
9841
4217
9176
7347
4881
5257
9248
3447
6241
7498
7158
4612
7071
5935
751
5120
5391
3201
6174
8932
294
3273
5010
521
1432
2620
1002
9811
9355
2859
9794
1051
6652
8114
8553
7424
6412
3491
8489
2669
2444
8744
2252
8758
7197
4228
9844
3056
1243
9385
1157
860
7262
6386
9837
7635
990
5365
5333
136
9464
2702
3604
7924
145
8521
1807
8748
650
4648
3652
1867
6011
8702
3116
2509
4997
8910
1436
5555
6396
3444
3142
4651
7433
6355
8725
1507
5819
253
4707
6502
5347
3196
310
4842
6974
5707
4776
7625
4879
2965
3197
897
612
7843
3046
1767
5429
743
4662
9171
2453
8320
4721
3018
6102
1788
5169
2954
1496
4308
3204
3990
2868
2153
9776
4215
3573
8321
2138
928
7180
8252
5161
3029
9622
7668
3791
895
8354
1963
9361
9177
8749
9094
2085
4633
614
7451
5729
9827
6107
4950
2006
5772
4795
343
4469
7224
4337
7437
2163
987
8707
5279
5743
3315
787
4428
4426
5162
7256
7927
9822
5639
1926
5335
3772
8886
6331
1151
2042
3681
8202
4908
5359
3633
4321
2287
5510
2808
4883
9243
2401
9005
9272
1585
8894
3868
9157
5156
1896
429
9186
5446
2428
781
7797
637
8822
5813
4785
1058
1825
9769
6980
6552
1518
4145
2529
6481
6739
3661
4317
981
2261
8723
4519
8480
4350
9158
2647
7334
4594
3032
9027
970
4810
7202
248
6542
5590
8350
2026
2991
2733
8165
3427
9756
5454
4047
4900
9894
810
7774
278
5373
7864
4113
3939
6248
424
3930
2329
2770
476
9635
2926
1359
3421
5064
5674
3316
4616
4482
7466
8794
5256
9362
8543
6251
3290
2521
8825
2925